$ 1 0.0000049999999999999996 0.14549914146182014 53 5 61 5e-11
s 304 64 352 64 0 1 true
v 304 -16 304 -80 0 0 40 3.7 0 0 0.5
w 304 -16 304 64 0
r 576 0 576 -48 0 12000
t 576 0 576 32 1 1 -3.699999840400005 4.559999807689856e-8 337 default
t 416 -48 416 -80 1 -1 3.699999816232006 -1.823999942196508e-7 390 default
w 400 -80 368 -80 0
r 368 64 368 -16 0 10000
w 416 -48 416 -16 1
r 416 -16 416 64 0 18000
w 368 64 352 64 0
r 528 16 464 16 0 180
x 421 -56 449 -53 4 8 2N3906
x 545 10 569 13 4 8 BC547
x 312 30 349 44 4 8 PowerOn\\nMCU\sinput
x 484 -67 519 -53 4 8 Shutdown\\nevt
w 464 -80 432 -80 3
150 528 -64 560 -64 0 2 0 3.6
s 480 -48 528 -48 0 0 true
x 561 -91 603 -77 4 8 Shutdown\\nMCU\soutput
w 368 -16 368 -80 1
w 368 64 416 64 0
w 464 -80 464 -48 0
w 560 64 416 64 0
w 560 64 560 32 0
g 528 16 528 32 0 0
g 592 32 592 48 0 0
g 336 -16 336 0 0 0
w 304 -16 336 -16 0
w 464 -80 528 -80 0
w 480 -48 464 -48 0
w 464 -48 464 16 3
w 560 -64 576 -64 0
w 576 -64 576 -48 0
w 304 -80 368 -80 3
x 282 -65 298 -62 4 8 VCC
x 487 34 508 37 4 8 LOAD
